-28
-26
372
2147483648
38
-14
483
38
-14
-14
-14
294
-14
-15
20
-12
-14
38
483
-14
-15
-12
-14
336
-28
-26
372
2147483648
38
-14
483
38
-14
-14
-14
294
-19
-14
-15
20
-12
-14
73
73
73
73
73
73
-14
38
5
92
6
483
381
483
202
202
381
202
202
5
463
41
470
463
92
41
41
6
6
6
6
381
294
-14
427
92
6
6
338
5
197
92
73
6
338
338
-10
338
-12
338
-10
338
-12
338
-10
338
-12
338
-10
338
-12
338
-10
338
-12
5
381
550
6
74
-14
-14
-14
-14
-14
-14
-14
-14
-14
-14
-14
-14
-15
347
-15
347
220
-12
-12
5
54
6
294
-14
-28
-26
33
-15
-29
-24
-47
-18
202
-27
-24
366
-29
-47
-47
-18
20
266
339
197
6
169
500
54
54
116
500
116
116
116
116
116
-47
-12
116
-15
74
74
-15
-89
-15
-47
-10
336
97
92
98
133
-12
-47
116
-15
74
-14
-14
327
-47
-47
-14
-15
-15
116
116
116
116
116
116
116
116
116
116
116
116
-15
-15
-14
202
202
202
202
202
202
-47
-19
-19
-19
-15
-14
-14
5
92
6
220
33
5
339
483
228
381
92
6
5
336
-24
-47
-47
170
202
202
-14
-15
-12
-14
-14
-14
-14
-14
-14
-14
-14
-14
-14
25
24
202
286
25
43
169
169
-19
-50
-29
-47
-70
-47
-18
327
327
327
25
194
398
339
339
396
396
396
396
399
169
327
25
194
398
339
339
396
396
396
396
399
327
169
327
169
54
54
54
54
116
116
483
-15
-12
-14
116
5
6
48
46
33
194
398
339
339
396
396
399
33
398
339
406
399
338
12
398
339
406
399
338
398
339
406
399
338
338
338
340
5
3
3
6
340
33
33
340
25
340
25
340
194
398
339
339
396
396
399
398
339
406
399
338
398
339
406
399
338
338
340
340
340
340
340
340
340
340
340
33
194
398
339
339
396
396
399
33
33
194
398
339
339
396
396
399
340
340
5
3
3
6
340
5
3
3
6
340
5
340
338
340
338
340
338
340
338
340
338
5
5
5
398
346
327
-14
338
-10
338
-12
-15
-12
-14
5
339
197
6
73
5
339
197
6
73
5
339
197
6
73
5
339
197
6
73
5
339
197
6
73
5
339
197
6
73
-14
338
-10
338
-12
-15
-12
-14
-14
338
-10
338
-12
-15
-12
-14
338
5
5
5
5
-14
338
-10
338
-12
-15
-12
-14
344
399
398
346
344
-15
399
398
346
344
399
338
5
339
197
6
-15
73
5
339
197
6
73
5
339
197
6
73
5
339
197
6
73
194
398
194
398
5
5
327
398
339
396
399
327
398
339
396
399
75
75
340
5
3
3
6
338
338
338
398
339
406
399
338
398
339
406
399
338
5
46
46
46
46
46
340
338
4
4
6
338
338
338
33
5
340
128
33
339
399
1
