> break 0x1804b1b54
breakpoint at 0x1804b1b54
> continue
hit 0x1804b1b54 at (162, +?)
resolved (162, 4948)
> continue
hit 0x1804b1b54 at (164, +?)
resolved (164, 129)
> continue
hit 0x1804b1b54 at (165, +?)
resolved (165, 6162)
> x 0x27fafe0 4096
0x27fafe0: 10 b0 7f 02 00 00 00 00 c8 44 3b 80 01 00 00 00 98 b2 7f 02 00 00 00 00 f0 cc 6f ec 01 00 00 00 d0 cc 6f ec 01 00 00 00 06 00 00 00 00 00 00 00 d0 b0 7f 02 00 00 00 00 58 10 38 80 01 00 00 00 00 00 00 00 00 00 00 00 00 00 00 00 00 00 00 00 00 00 00 00 00 00 00 00 00 00 00 00 00 00 00 00 00 00 00 00 00 00 00 00 00 00 00 00 00 00 00 00 00 00 00 00 00 00 00 00 00 0f 0e 0d 0c 0b 0a 00 00 d0 6f ec 01 00 00 00 2f c0 ff ff 0f 00 00 00 00 90 c3 e9 01 00 00 00 d8 fe 7f 02 00 00 00 00 00 d0 6f ec 01 00 00 00 50 cd 6f ec 01 00 00 00 05 06 2c 80 01 00 00 00 60 79 3b ed 01 00 00 00 c4 7f 25 80 01 00 00 00 70 cc 6f ec 01 00 00 00 70 b1 7f 02 00 00 00 00 00 00 00 00 00 00 00 00 d0 cc 6f ec 01 00 00 00 f0 cc 6f ec 01 00 00 00 f0 b0 7f 02 00 00 00 00 3c 79 2a 80 01 00 00 00 d0 cc 6f ec 01 00 00 00 d0 cc 6f ec 01 00 00 00 20 b1 7f 02 00 00 00 00 c4 79 2a 80 01 00 00 00 98 b2 7f 02 00 00 00 00 78 cc 6f ec 01 00 00 00 08 00 00 00 00 00 00 00 d0 cc 6f ec 01 00 00 00 40 b1 7f 02 00 00 00 00 64 78 2a 80 01 00 00 00 08 00 00 00 00 00 00 00 98 b2 7f 02 00 00 00 00 f0 b1 7f 02 00 00 00 00 e0 0a 27 80 01 00 00 00 00 d0 6f ec 01 00 00 00 00 00 00 00 01 00 00 00 30 cc 6f ec 01 00 00 00 03 01 00 00 00 00 00 00 80 b1 7f 02 00 00 00 00 f8 5d 23 80 01 00 00 00 a0 b1 7f 02 00 00 00 00 98 8b 4f 80 01 00 00 00 a0 5d 70 ec 01 00 00 00 00 0f 0e 0d 0c 0b 0a 00 00 d0 6f ec 01 00 00 00 2f c0 ff ff 0f 00 00 00 00 90 c3 e9 01 00 00 00 d8 fe 7f 02 00 00 00 00 00 d0 6f ec 01 00 00 00 7f 00 00 00 00 00 00 00 00 d0 6f ec 01 00 00 00 28 cc 6f ec 01 00 00 00 41 00 00 00 00 00 00 00 98 b2 7f 02 00 00 00 00 00 b2 7f 02 00 00 00 00 b4 68 23 80 01 00 00 00 40 b2 7f 02 00 00 00 00 14 13 29 80 01 00 00 00 00 d0 6f ec 01 00 00 00 00 d0 6f ec 01 00 00 00 00 d0 6f ec 01 00 00 00 28 cc 6f ec 01 00 00 00 41 00 00 00 00 00 00 00 98 b2 7f 02 00 00 00 00 80 b2 7f 02 00 00 00 00 70 dd 23 80 01 00 00 00 2c 2c 2c 2c 2c 2c 2c 2c 00 01 02 03 00 00 00 00 00 d0 6f ec 01 00 00 00 00 00 00 00 01 00 00 00 a0 5d 70 ec 01 00 00 00 41 00 00 00 00 00 00 00 b0 b2 7f 02 00 00 00 00 00 26 39 80 01 00 00 00 18 dc d5 ed 01 00 00 00 00 00 00 00 00 00 00 00 a0 5d 70 ec 01 00 00 00 01 00 00 00 00 00 00 00 00 b3 7f 02 00 00 00 00 4c 13 30 80 01 00 00 00 00 70 c3 e9 01 00 00 00 00 0f 0e 0d 0c 0b 00 00 00 d0 6f ec 01 00 00 00 00 d0 6f ec 01 00 00 00 00 d0 6f ec 01 00 00 00 00 00 00 00 01 00 00 00 d0 fe 7f 02 00 00 00 00 01 00 00 00 00 00 00 00 b0 b8 7f 02 00 00 00 00 30 28 2f 80 01 00 00 00 01 00 00 00 00 00 00 00 00 00 00 00 00 00 00 00 00 00 00 00 00 00 00 00 b0 a1 5a db 02 00 00 00 00 a0 37 90 01 00 00 00 d8 fe 7f 02 00 00 00 00 ff 03 00 00 00 00 00 00 00 00 00 00 00 00 00 00 00 00 00 00 00 00 00 00 00 00 00 00 00 00 00 00 00 00 00 00 00 00 00 00 00 00 00 00 00 00 00 00 00 00 00 00 00 00 00 00 00 00 00 00 00 00 00 00 00 00 00 00 00 00 00 00 00 00 00 00 00 00 00 00 00 00 00 00 00 00 00 00 00 00 00 00 00 00 00 00 00 00 00 00 00 00 00 00 00 00 00 00 00 00 00 00 00 00 00 00 00 00 00 00 00 00 00 00 00 00 00 00 00 00 00 00 00 00 00 00 00 00 00 00 00 00 00 00 00 00 00 00 00 00 00 00 00 00 00 00 00 00 00 00 00 00 00 00 00 00 00 00 00 00 00 00 00 00 00 00 00 00 00 00 00 00 00 00 00 00 00 00 00 00 00 00 00 00 00 00 00 00 00 00 00 00 00 00 00 00 00 00 00 00 00 00 00 00 00 00 00 00 00 00 00 00 00 00 00 00 00 00 00 00 00 00 00 00 00 00 00 00 00 00 00 00 00 00 00 00 00 00 00 00 00 00 00 00 00 00 00 00 00 00 00 00 00 00 00 00 00 00 00 00 00 00 00 00 00 00 00 00 00 00 00 00 00 00 00 00 00 00 00 00 00 00 00 00 00 00 00 00 00 00 00 00 00 00 00 00 00 00 00 00 00 00 00 00 00 00 00 00 00 00 00 00 00 00 00 00 00 00 00 00 00 00 00 00 00 00 00 00 00 00 00 00 00 00 00 00 00 00 00 00 00 00 00 00 00 00 00 00 00 00 00 00 00 00 00 00 00 00 00 00 00 00 00 00 00 00 00 00 00 00 00 00 00 00 00 00 00 00 00 00 00 00 00 00 00 00 00 00 00 00 00 00 00 00 00 00 00 00 00 00 00 00 00 00 00 00 00 00 00 00 00 00 00 00 00 00 00 00 00 00 00 00 00 00 00 00 00 00 00 00 00 00 00 00 00 00 00 00 00 00 00 00 00 00 00 00 00 00 00 00 00 00 00 00 00 00 00 00 00 00 00 00 00 00 00 00 00 00 00 00 00 00 00 00 00 00 00 00 00 00 00 00 00 00 00 00 00 00 00 00 00 00 00 00 00 00 00 00 00 00 00 00 00 00 00 00 00 00 00 00 00 00 00 00 00 00 00 00 00 00 00 00 00 00 00 00 00 00 00 00 00 00 00 00 00 00 00 00 00 00 00 00 00 00 00 00 00 00 00 00 00 00 00 00 00 00 00 00 00 00 00 00 00 00 00 00 00 00 00 00 00 00 00 00 00 00 00 00 00 00 00 00 00 00 00 00 00 00 00 00 00 00 00 00 00 00 00 00 00 00 00 00 00 00 00 00 00 00 00 00 00 00 00 00 00 00 00 00 00 00 00 00 00 00 00 00 00 00 00 00 00 00 00 00 00 00 00 00 00 00 00 00 00 00 00 00 00 00 00 00 00 00 00 00 00 00 00 00 00 00 00 00 00 00 00 00 00 00 00 00 00 00 00 00 00 00 00 00 00 00 00 00 00 00 00 00 00 00 00 00 00 00 00 00 00 00 00 00 00 00 00 00 00 00 00 00 00 00 00 00 00 00 00 00 00 00 00 00 00 00 00 00 00 00 00 00 00 00 00 00 00 00 00 00 00 00 00 00 00 00 00 00 00 00 00 00 00 00 00 00 00 00 00 00 00 00 00 00 00 00 00 00 00 00 00 00 00 00 00 00 00 00 00 00 00 00 00 00 00 00 00 00 00 00 00 00 00 00 00 00 00 00 00 00 00 00 00 00 00 00 00 00 00 00 00 00 00 00 00 00 00 00 00 00 00 00 00 00 00 00 00 00 00 00 00 00 00 00 00 00 00 00 00 00 00 00 00 00 00 00 00 00 00 00 00 00 00 00 00 00 00 00 00 00 00 00 00 00 00 00 00 00 00 00 00 00 00 00 00 00 00 00 00 00 00 00 00 00 00 00 00 00 00 00 00 00 00 00 00 00 00 00 00 00 00 00 00 00 00 00 00 00 00 00 00 00 00 00 00 00 00 00 00 00 00 00 00 00 00 00 00 00 00 00 00 00 00 00 00 00 00 00 00 00 00 00 00 00 00 00 00 00 00 00 00 00 00 00 00 00 00 00 00 00 00 00 00 00 00 00 00 00 00 00 00 00 00 00 00 00 00 00 00 00 00 00 00 00 00 00 00 00 00 00 00 00 00 00 00 00 00 00 00 00 00 00 00 00 00 00 00 00 00 00 00 00 00 00 00 00 00 00 00 00 00 00 00 00 00 00 00 00 00 00 00 00 00 00 00 00 00 00 00 00 00 00 00 00 d8 fe 7f 02 00 00 00 00 be ff 7f 02 00 00 00 00 00 01 01 00 00 00 00 00 00 00 00 00 00 00 00 00 01 00 00 00 00 00 00 00 01 00 00 00 00 04 1a 00 02 00 00 00 00 00 00 00 00 00 00 00 00 00 00 00 00 00 00 00 00 00 00 00 00 00 00 00 00 00 00 00 00 00 00 00 00 00 00 00 00 00 00 00 00 00 00 00 00 00 00 00 00 00 00 00 00 00 00 00 00 00 00 00 00 00 00 00 01 00 00 00 00 00 00 00 00 00 00 00 01 00 00 00 00 00 0d 00 00 00 00 00 01 00 00 00 00 0f 0e 0d 0c 0b 0a 00 88 53 44 ec 01 00 00 00 d8 fe 7f 02 00 00 00 00 b0 b8 7f 02 00 00 00 00 20 a8 22 85 02 00 00 00 00 40 70 ec 01 00 00 00 00 00 00 00 00 00 00 00 00 00 00 00 00 00 00 00 00 00 00 00 00 00 00 00 00 00 00 00 00 00 00 00 00 00 00 00 00 00 00 00 00 00 00 00 00 00 00 00 00 00 00 00 00 00 00 00 00 0f 0e 0d 0c 0b 0a 00 00 00 00 00 00 00 00 00 10 00 00 00 00 00 00 00 c0 00 34 90 01 00 00 00 48 02 34 90 01 00 00 00 a0 00 00 00 00 00 00 00 06 00 00 00 00 00 00 00 18 01 34 90 01 00 00 00 00 c1 ff ff 0f 00 00 00 d0 fe 7f 02 00 00 00 00 88 53 44 ec 01 00 00 00 d8 fe 7f 02 00 00 00 00 20 b9 7f 02 00 00 00 00 28 13 34 90 01 00 00 00 48 02 34 90 01 00 00 00 a0 00 00 00 00 00 00 00 06 00 00 00 00 00 00 00 18 01 34 90 01 00 00 00 c0 1b 34 90 01 00 00 00 10 53 44 ec 01 00 00 00 5c 12 34 90 01 00 00 00 40 b9 7f 02 00 00 00 00 c0 1b 34 90 01 00 00 00 10 53 44 ec 01 00 00 00 5c 12 34 90 01 00 00 00 48 be 7f 02 00 00 00 00 d0 b9 7f 02 00 00 00 00 30 0e 16 80 01 00 00 00 00 00 00 00 00 00 00 00 00 00 00 00 00 00 00 00 00 00 07 1f 02 00 00 00 00 00 34 90 01 00 00 00 00 00 00 00 00 00 00 00 5c 12 34 90 01 00 00 00 00 00 00 00 00 00 00 00 00 00 00 00 00 00 00 00 00 00 00 00 00 00 00 00 00 00 00 00 00 00 00 00 00 00 00 00 00 00 00 00 00 00 00 00 00 00 00 00 00 00 00 00 00 00 00 00 00 00 00 00 00 00 00 00 00 00 00 00 00 00 00 00 00 00 00 00 00 00 00 00 c0 1b 34 90 01 00 00 00 bc 1b 34 90 01 00 00 00 10 bc 7f 02 00 00 00 00 4f bb 7f 02 00 00 00 00 20 ba 7f 02 00 00 00 00 14 c1 16 80 01 00 00 00 04 00 00 00 03 00 00 00 03 00 00 00 00 00 00 00 03 00 00 00 01 00 00 00 00 79 7f ec 01 00 00 00 08 01 34 90 01 00 00 00 20 00 34 90 01 00 00 00 4f bb 7f 02 00 00 00 00 a8 bb 7f 02 00 00 00 00 00 bb 7f 02 00 00 00 00 60 28 1a 80 01 00 00 00 08 01 34 90 01 00 00 00 0e 00 00 00 00 00 00 00 18 01 34 90 01 00 00 00 06 00 00 00 00 00 00 00 00 00 00 00 05 00 00 00 05 00 00 00 16 00 00 00 02 00 00 00 01 00 00 00 bc 1b 34 90 01 00 00 00 04 00 00 00 00 00 00 00 bc 9b 2b 10 00 00 00 00 00 00 00 00 00 00 00 00 00 00 00 00 00 00 00 00 18 01 34 90 01 00 00 00 06 00 00 00 00 00 00 00 28 00 34 90 01 00 00 00 06 00 00 00 00 00 00 00 60 f3 7f 02 00 00 00 00 68 f3 7f 02 00 00 f3 b8 48 02 34 90 01 00 00 00 b8 bb 7f 02 00 00 00 00 20 00 34 90 01 00 00 00 70 10 34 90 01 00 00 00 01 00 00 00 00 00 00 00 a8 bb 7f 02 00 00 00 00 00 00 34 90 01 00 00 00 f8 bb 7f 02 00 00 00 00 90 bb 7f 02 00 00 00 00 94 f3 19 80 01 00 00 00 38 be 7f 02 00 00 00 00 58 bc 7f 02 00 00 00 00 90 bb 7f 02 00 00 00 00 44 0c 1a 80 01 00 00 00 60 f3 7f 02 00 00 00 00 28 dc c2 e9 01 00 00 00 00 00 00 42 00 00 00 00 28 27 1a 80 01 00 00 00 10 cd 5a db 02 00 00 00 18 bd 7f 02 00 00 00 00 00 00 00 00 00 00 00 00 00 00 34 90 01 00 00 00 18 be 7f 02 00 00 00 00 38 be 7f 02 00 00 00 00 48 be 7f 02 00 00 00 00 00 00 34 90 01 00 00 00 00 bc 7f 02 00 00 00 00 3c 0c 1a 80 01 00 00 00 28 dc c2 e9 01 00 00 00 28 dc c2 e9 01 00 00 00 00 00 00 42 00 00 00 00 28 27 1a 80 01 00 00 00 28 ee d5 ed 01 00 00 00 10 bc 7f 02 00 00 00 00 d8 bb 7f 02 00 00 00 00 00 00 00 00 00 00 00 00 d8 bb 7f 02 00 00 00 00 00 00 00 00 20 00 00 00 00 00 7f 02 00 00 00 00 00 00 34 90 01 00 00 00 d0 bd 7f 02 00 00 00 00 08 bc 16 80 01 00 00 00 28 dc c2 e9 01 00 00 00 00 00 00 42 00 00 00 00 d4 bf 16 80 01 00 00 00 d0 b7 d5 ed 01 00 00 00 48 be 7f 02 00 00 00 00 18 bd 7f 02 00 00 00 00 00 00 00 00 00 00 00 00 38 be 7f 02 00 00 00 00 00 00 34 90 01 00 00 00 28 dc c2 e9 01 00 00 00 00 00 00 42 00 00 00 00 48 be 16 80 01 00 00 00 a0 b7 d5 ed 01 00 00 00 48 be 7f 02 00 00 00 00 18 bd 7f 02 00 00 00 00 00 00 34 90 01 00 00 00 18 be 7f 02 00 00 00 00 38 be 7f 02 00 00 00 00 00 00 34 90 01 00 00 00 08 00 00 00 00 00 f3 b8 28 dc c2 e9 01 00 00 00 00 00 00 42 00 00 00 00 20 bd 16 80 01 00 00 00 70 b7 d5 ed 01 00 00 00 48 be 7f 02 00 00 00 00 18 bd 7f 02 00 00 00 00 00 00 34 90 01 00 00 00 38 be 7f 02 00 00 00 00 28 dc c2 e9 01 00 00 00 00 00 00 42 00 00 00 00 d0 bc 16 80 01 00 00 00 40 b7 d5 ed 01 00 00 00 18 bd 7f 02 00 00 00 00 00 00 00 00 00 00 00 00 18 bd 7f 02 00 00 00 00 00 00 00 02 68 00 00 00 68 bc 16 80 01 00 00 00 a8 bc 16 80 01 00 00 00 00 00 34 90 01 00 00 00 e4 1c 34 90 01 00 00 00 e4 1c 00 00 01 00 00 00 40 bd 7f 02 00 00 00 00 01 00 00 00 00 00 00 00 01 00 00 00 00 00 00 00 00 00 00 00 00 00 00 00 00 00 00 00 00 00 00 00 00 00 00 00 00 00 00 00 00 00 00 42 00 00 00 00 10 cd 5a db 02 00 00 00 58 83 44 ec 01 00 00 00 f8 f1 7f 02 00 00 00 00 68 f3 7f 02 00 00 f3 b8 48 be 7f 02 00 00 00 00 58 40 44 ec 01 00 00 00 70 96 5a db 02 00 00 00 10 53 44 ec 01 00 00 00 b0 be 7f 02 00 00 00 00 d4 b7 15 80 01 00 00 00 00 00 00 00 00 00 00 00 30 00 07 1f 00 00 00 00 40 be 7f 02 00 00 00 00 d0 58 11 80 01 00 00 00 10 cd 5a db 02 00 00 00 58 83 44 ec 01 00 00 00 f8 f1 7f 02 00 00 00 00 00 00 34 90 01 00 00 00 00 00 00 00 00 00 00 00 00 00 01 ec 01 00 00 00 00 00 34 90 01 00 00 00 00 00 00 00 00 00 00 00 00 00 00 00 00 00 00 00 28 dc c2 e9 01 00 00 00 00 00 00 40 00 00 00 00 7c 0d 16 80 01 00 00 00 48 1a 99 e5 01 00 00 00 70 96 5a db 02 00 00 00 30 be 7f 02 00 00 00 00 10 53 44 ec 01 00 00 00 00 00 00 00 00 00 00 00 00 00 00 00 00 00 00 00 40 bf 7f 02 00 00 00 00 00 00 00 00 00 00 00 00 70 96 5a db 02 00 00 00 10 53 44 ec 01 00 00 00 d0 be 7f 02 00 00 00 00 b8 4f 18 80 01 00 00 00 10 53 44 ec 01 00 00 00 10 53 44 ec 01 00 00 00 30 bf 7f 02 00 00 00 00 50 88 12 80 01 00 00 00 60 f3 7f 02 00 00 00 00 68 f3 7f 02 00 00 f3 b8 10 cd 5a db 02 00 00 00 58 83 44 ec 01 00 00 00 f8 f1 7f 02 00 00 00 00 68 f3 7f 02 00 00 f3 b8 40 bf 7f 02 00 00 00 00 00 00 00 00 00 00 00 00 10 53 44 ec 01 00 00 00 10 f1 7f 02 00 00 00 00 d0 f7 7f 02 00 00 00 00 90 53 13 80 01 00 00 00 70 bf 7f 02 00 00 00 00 70 bf 7f 02 00 00 00 00 00 00 00 00 00 00 00 00 00 00 00 00 00 00 00 00 00 00 00 00 00 00 00 00 00 00 00 00 00 00 00 00 40 bf 7f 02 00 00 00 00 c0 bf 7f 02 00 00 00 00 00 00 00 00 00 00 00 00 00 c0 7f 02 00 00 00 00 b0 bf 7f 02 00 00 00 00 b8 0b 00 00 00 00 00 00 10 cb 7f 02 00 00 00 00 00 00 00 00 00 00 00 00 71 bf 7f 02 00 00 00 00 01 c0 7f 02 00 00 00 00 00 00 00 00 00 00 00 00 00 00 00 00 00 00 00 00 00 00 00 00 00 00 00 00 00 00 00 00 00 00 00 00
